77 50870643080
119 46297918240
205 38282822421
260 34080460561
343 28088573347
415 24175635810
425 23588757299
438 22718540971
502 19736321394
580 16655820340
604 15956176275
675 13458062313
696 13121778454
770 10939070444
802 10054385447
822 9824068939
897 8451625483
965 7251508116
970 7118718866
1027 6316609405
1094 5464716073
1156 4511225310
1192 4322167723
1282 3709676790
1345 3226060519
1405 2761872970
1429 2553745475
1493 2220343372
1516 2046714895
1597 1667362442
1678 1648561844
1721 1167013186
1724 1211599434
1812 1291077808
1873 1099297084
1947 791212548
1950 662664385
2012 721592837
2047 501015203
2127 536033559
2153 510953997
2157 583955494
2210 403003225
2298 574150933
2332 412508389
2358 131844628
2449 330342316
2503 326167250